      MDL_CABI = 2.277360D-01
      MDL_L2 = 5.000000D-01
      MDL_L3 = 1.000000D+00
      MDL_LR7 = 1.000000D-01
      MDL_LI7 = 2.000000D-01
      MDL_MIXH = 3.000000D-01
      MDL_MIXH2 = 1.000000D-01
      MDL_MIXH3 = 2.000000D-01
      MU_R = 9.118800D+01
      MDL_MB = 4.700000D+00
      MDL_MT = 1.720000D+02
      MDL_MZ = 9.118760D+01
      MDL_MH1 = 1.250000D+02
      MDL_MH2 = 2.750000D+02
      MDL_MH3 = 2.750000D+02
      MDL_MHC = 1.500000D+02
      AEWM1 = 1.279000D+02
      MDL_GF = 1.166390D-05
      AS = 1.180000D-01
      MDL_YMB = 4.700000D+00
      MDL_YMT = 1.720000D+02
      MDL_GDI1X1 = 0.000000D+00
      MDL_GDI1X2 = 0.000000D+00
      MDL_GDI1X3 = 0.000000D+00
      MDL_GDI2X1 = 0.000000D+00
      MDL_GDI2X2 = 0.000000D+00
      MDL_GDI2X3 = 0.000000D+00
      MDL_GDI3X1 = 0.000000D+00
      MDL_GDI3X2 = 0.000000D+00
      MDL_GDI3X3 = 0.000000D+00
      MDL_GDR1X1 = 1.000000D+00
      MDL_GDR1X2 = 1.000000D-02
      MDL_GDR1X3 = 1.000000D-02
      MDL_GDR2X1 = 1.000000D-02
      MDL_GDR2X2 = 1.000000D+00
      MDL_GDR2X3 = 1.000000D-02
      MDL_GDR3X1 = 1.000000D-02
      MDL_GDR3X2 = 1.000000D-02
      MDL_GDR3X3 = 1.000000D+00
      MDL_GLI1X1 = 0.000000D+00
      MDL_GLI1X2 = 0.000000D+00
      MDL_GLI1X3 = 0.000000D+00
      MDL_GLI2X1 = 0.000000D+00
      MDL_GLI2X2 = 0.000000D+00
      MDL_GLI2X3 = 0.000000D+00
      MDL_GLI3X1 = 0.000000D+00
      MDL_GLI3X2 = 0.000000D+00
      MDL_GLI3X3 = 0.000000D+00
      MDL_GLR1X1 = 1.000000D+00
      MDL_GLR1X2 = 1.000000D-02
      MDL_GLR1X3 = 1.000000D-02
      MDL_GLR2X1 = 1.000000D-02
      MDL_GLR2X2 = 1.000000D+00
      MDL_GLR2X3 = 1.000000D-02
      MDL_GLR3X1 = 1.000000D-02
      MDL_GLR3X2 = 1.000000D-02
      MDL_GLR3X3 = 1.000000D+00
      MDL_GUI1X1 = 0.000000D+00
      MDL_GUI1X2 = 0.000000D+00
      MDL_GUI1X3 = 0.000000D+00
      MDL_GUI2X1 = 0.000000D+00
      MDL_GUI2X2 = 0.000000D+00
      MDL_GUI2X3 = 0.000000D+00
      MDL_GUI3X1 = 0.000000D+00
      MDL_GUI3X2 = 0.000000D+00
      MDL_GUI3X3 = 0.000000D+00
      MDL_GUR1X1 = 1.000000D+00
      MDL_GUR1X2 = 1.000000D-02
      MDL_GUR1X3 = 1.000000D-02
      MDL_GUR2X1 = 1.000000D-02
      MDL_GUR2X2 = 1.000000D+00
      MDL_GUR2X3 = 1.000000D-02
      MDL_GUR3X1 = 1.000000D-02
      MDL_GUR3X2 = 1.000000D-02
      MDL_GUR3X3 = 1.000000D+00
      MDL_WT = 1.508336D+00
      MDL_WZ = 2.495200D+00
      MDL_WW = 2.085000D+00
      MDL_WH1 = 4.000003D+00
      MDL_WH2 = 1.000000D+00
      MDL_WH3 = 1.000000D+00
      MDL_WHC = 1.000000D+00
